0.992653
1.56154
2.13043
2.69932
3.26821
3.8371
4.40599
4.97488
5.54376
6.11265
6.68154
7.25043
7.81932
8.38821
8.9571
9.52599
10.0949
10.6638
11.2327
11.8015
12.3704
12.9393
13.5082
14.0771
14.646
15.2149
15.7838
16.3527
16.9215
17.4904
18.0593
18.6282
19.1971
19.9053
20.3349
20.9038
21.4727
21.9022
22.4711
23.04
23.6089
24.1778
24.7467
25.3156
25.8844
26.4533
27.0222
27.5911
28.16
28.7289
29.2978
29.8667
30.4356
31.0044
31.5733
32.1422
32.7111
33.28
33.8489
34.4178
34.9867
35.5556
36.1244
36.6933
37.2622
37.8311
38.4
38.9689
39.5378
40.1067
40.6756
41.2444
41.8133
42.3822
42.9511
43.52
44.0889
44.6578
45.2267
45.7956
46.3644
46.9333
47.5022
48.0711
48.64
49.2089
49.7778
50.3467
50.9156
51.4844
52.0533
52.6222
53.1911
53.76
54.3289
54.8978
55.4434
56.0007
56.5812
57.1501
57.719
58.2879
58.8568
59.4257
59.9946
60.5634
61.1323
61.7012
62.2701
62.839
63.4079
63.9768
64.5457
65.1146
65.6834
66.2523
66.8212
67.3901
67.959
68.5279
69.0968
69.6657
70.2346
70.8034
71.3723
71.9412
72.5101
