0.690794
1.21324
1.73569
2.0956
2.59483
3.09406
3.61651
4.12735
4.63819
5.06776
5.71791
6.4029
6.72798
7.34331
8.20245
8.7249
9.24735
9.58404
10.2226
11.0237
11.5461
12.0686
12.9161
13.7868
14.3093
14.8317
15.7257
16.5849
17.1073
17.6298
18.5237
19.3712
19.8937
20.4161
21.3217
22.1809
22.7033
23.0284
23.725
24.4216
24.944
25.4665
25.8148
26.5114
27.208
27.7537
28.2877
28.7985
29.321
29.6461
30.3427
31.0393
31.7359
32.4557
33.1639
33.8489
34.5455
35.2421
35.9387
36.6353
37.3319
38.0285
38.7251
39.4217
40.1183
40.8149
41.5115
42.2081
42.9047
43.6013
44.2979
