0.992653
1.65442
2.31619
2.97796
3.63973
4.3015
4.96327
5.62503
6.2868
6.94857
7.61034
8.27211
8.93388
9.59565
10.2574
10.9424
11.6158
12.2892
12.9393
13.6011
14.2629
14.9246
15.5864
16.2482
16.9099
17.5717
18.2335
18.8952
19.557
20.2188
20.8805
21.5423
22.2041
22.8659
23.5276
24.1894
24.8512
25.5129
26.1747
26.8365
27.4982
28.16
28.8218
29.5068
30.1801
30.8535
31.5037
32.1654
32.8272
33.489
34.1507
34.8125
35.4743
36.1361
36.7978
37.4596
38.1214
38.7831
39.4449
40.1067
40.7684
41.4302
42.092
42.7537
43.4155
44.0773
44.739
45.4008
46.0626
46.7244
47.3861
48.0479
48.7097
49.3946
50.068
50.7414
51.3916
52.0533
52.7151
53.3769
54.0386
54.7004
55.3622
56.0239
56.6857
57.3475
58.0093
58.671
59.3328
59.9946
60.6563
61.3181
61.9799
62.6416
63.3034
63.9652
64.6269
65.2887
65.9505
66.6122
67.274
67.959
68.6324
69.3058
69.9559
70.6177
71.2795
71.9412
72.603
73.2648
73.9265
