0.992653
1.56154
2.13043
2.69932
3.26821
3.8371
4.40599
4.97488
5.54376
6.11265
6.68154
7.25043
7.81932
8.38821
8.9571
9.52599
10.0949
10.6638
11.2327
11.8015
12.3704
12.9393
13.5082
14.0771
14.646
15.2149
15.7838
16.3527
16.9215
17.4904
18.0593
18.6282
19.1971
19.766
20.3349
20.9038
21.4727
22.0415
22.6104
23.1793
23.7482
24.3171
24.886
25.4549
26.0238
26.5927
27.1615
27.7304
28.2993
28.8682
29.4371
30.006
30.5749
31.1438
31.7127
32.2815
32.8504
33.4193
33.9882
34.5571
35.126
35.6949
36.2638
36.8327
37.4015
37.9704
38.5393
39.1082
39.6771
40.246
40.8149
41.3838
41.9527
42.5215
43.0904
43.6593
44.2282
44.7971
45.366
45.9349
46.5038
47.0727
47.6415
48.2104
48.7793
49.3482
49.9171
50.486
51.0549
51.6238
52.1927
52.7615
53.3304
53.8993
54.4682
55.0371
55.606
56.1749
56.7438
57.3127
57.8815
58.4504
59.0193
59.5882
60.1571
60.726
61.2949
61.8638
62.4327
63.0015
63.5704
64.1393
64.7082
65.2771
65.846
66.4149
66.9838
67.5527
68.1215
68.6672
69.2245
69.7818
70.339
70.8963
71.4536
71.9528
72.5217
73.0906
73.6595
74.2284
74.7973
75.3662
75.9351
76.5039
77.0728
77.6417
78.2106
78.7795
79.3484
79.9173
80.4862
81.0551
81.6239
