!
010
010
000
010
000
---
"
101
101
000
000
000
---
#
101
111
101
111
101
---
$
111
110
011
111
010
---
%
101
001
010
100
101
---
'
010
100
000
000
000
---
(
010
100
100
100
010
---
)
010
001
001
001
010
---
*
101
010
111
010
101
---
+
000
010
111
010
000
---
,
000
000
000
010
100
---
-
000
000
111
000
000
---
.
000
000
000
000
010
---
/
001
010
010
010
100
---
0
111
101
101
101
111
---
1
110
010
010
010
111
---
2
111
001
111
100
111
---
3
111
001
011
001
111
---
4
101
101
111
001
001
---
5
111
100
111
001
111
---
6
100
100
111
101
111
---
7
111
001
001
001
001
---
8
111
101
111
101
111
---
9
111
101
111
001
001
---
:
000
010
000
010
000
---
;
000
010
000
010
100
---
<
001
010
100
010
001
---
=
000
111
000
111
000
---
>
100
010
001
010
100
---
?
111
001
011
000
010
---
@
010
101
101
100
011
---
a
000
111
101
111
101
---
b
000
110
110
101
111
---
c
000
111
100
100
111
---
d
000
110
101
101
110
---
e
000
111
110
100
111
---
f
000
111
110
100
100
---
g
000
111
100
101
111
---
h
000
101
101
111
101
---
i
000
111
010
010
111
---
j
000
111
010
010
110
---
k
000
101
110
101
101
---
l
000
100
100
100
111
---
m
000
111
111
101
101
---
n
000
110
101
101
101
---
o
000
011
101
101
110
---
p
000
111
101
111
100
---
q
000
010
101
110
011
---
r
000
111
101
11
101
---
s
000
011
100
001
110
---
t
000
111
010
010
010
---
u
000
101
101
101
011
---
v
000
101
101
111
010
---
w
000
101
101
111
111
---
x
101
101
010
101
101
---
y
000
101
111
001
111
---
z
000
111
001
100
111
---
A
111
101
111
101
101
---
B
111
101
110
101
111
---
C
011
100
100
100
011
---
D
11
101
101
101
111
---
E
111
100
110
100
111
---
F
111
100
110
100
100
---
G
011
100
100
101
111
---
H
101
101
111
101
101
---
I
111
010
010
010
111
---
J
111
010
010
010
110
---
K
101
101
110
101
101
---
L
100
100
100
100
111
---
M
111
111
101
101
101
---
N
110
101
101
101
101
---
O
011
101
101
101
110
---
P
111
101
111
100
100
---
Q
010
101
101
110
011
---
R
111
101
110
101
101
---
S
011
100
111
001
110
---
T
111
010
010
010
010
---
U
101
101
101
101
011
---
V
101
101
101
111
010
---
W
101
101
101
111
111
---
X
101
101
010
101
101
---
Y
101
101
111
001
111
---
Z
111
001
010
100
111
---
{
011
010
110
010
011
---
|
010
010
010
010
010
---
}
110
010
011
010
110
---
[
110
100
100
100
110
---
\
100
010
010
010
001
---
]
110
010
010
010
110
---
^
010
101
000
000
000
---
_
000
000
000
000
111
---
`
010
001
000
000
000